# Created by Octave 7.1.0, Wed Oct 25 11:54:32 2023 CEST <heinz@heinz-OptiPlex-9020>
# name: t
# type: matrix
# rows: 13
# columns: 1
 0
 6.4000000000000004
 12.467096642466402
 19.967176411386131
 29.224254418784813
 39.22425441878481
 49.22425441878481
 59.22425441878481
 69.22425441878481
 79.22425441878481
 89.22425441878481
 99.22425441878481
 100


# name: phi
# type: matrix
# rows: 13
# columns: 3
 0 0 0
 0.27326328175274761 0.046199427474432994 0.0052760435899760517
 0.41283503283725764 0.11876375815043801 0.02487629935988583
 0.51437368704875186 0.20263768763077708 0.059951918408962343
 0.58945105336883086 0.28423406859393585 0.10449935085306192
 0.64016736805753305 0.34800506571856205 0.14472159443907121
 0.67365008157031814 0.39301883476062144 0.17502837555713174
 0.69655618414434251 0.4247173324819527 0.19697331191861983
 0.71247840050288225 0.44702629013982703 0.21260464031945125
 0.72362326086679174 0.46272477349616919 0.22366146616567167
 0.73144762611880254 0.47377117455679407 0.23145918859490694
 0.7369479010901635 0.48154402208146135 0.23695140036533169
 0.73729907109798065 0.48204043108500805 0.23730225932950733


