# Created by Octave 7.1.0, Mon Oct 30 16:14:29 2023 CET <heinz@heinz-OptiPlex-9020>
# name: t
# type: matrix
# rows: 48
# columns: 1
 0
 0.16777216000000009
 0.32625155259629179
 0.51951341971416487
 0.75834684821451481
 1.0650458058361445
 1.4757894325035805
 2.0261357854765478
 2.5188580832551879
 3.0107641988880509
 3.4583885841608928
 3.8655991161623091
 4.2735405484657454
 4.7230189364003365
 5.2188144187512995
 5.7158324637899574
 6.1651968775316357
 6.5695656066353756
 6.9729399606709404
 7.4202157658518901
 7.9188842074130932
 8.4213841827834806
 8.8730019156773103
 9.2747297594384275
 9.673303880829133
 10.117840912509331
 10.619029167962843
 11.127325907234695
 11.581786183262613
 11.981190671451973
 12.374800540039759
 12.816017879732946
 13.319207529262124
 13.833521901824854
 14.291489164601947
 14.689025327135015
 15.077599278358154
 15.514886439537465
 16.01937752690209
 16.53979679788619
 17.001996529267469
 17.398266839466064
 17.781848191817897
 18.214592245876013
 18.719505612301404
 19.245945256615936
 19.64169932851625
 20


# name: phi
# type: matrix
# rows: 48
# columns: 10
 0 0 0 1 0 0 0 1 0 1
 0.13179948672885153 0.010750723465752154 0.001176256625038091 0.85686061690200721 0.13179769489038073 0.010663632835019393 0.008906254905346694 0.85686046823037254 0.090000689650631127 0.85436384140349064
 0.20782079205871459 0.032072551564686094 0.0066405013247177076 0.75675889547530339 0.20777172634862015 0.031350027962175391 0.023155759563983209 0.75675599444394392 0.10668288406021904 0.74400796478333531
 0.26205631285597364 0.06225314230117817 0.01963717093494121 0.66568757008802237 0.26174995326448552 0.05948818501485055 0.040079244155375421 0.66565766768223178 0.10247344655569618 0.63182028055070383
 0.29571347297372536 0.098220653063255364 0.042374270699502933 0.58412638468145317 0.29457080044464012 0.091217142202716858 0.057700720154404458 0.58395691968329211 0.089896208834608915 0.51801550496099968
 0.31185391608174878 0.13730539144508963 0.075716622762961594 0.51063653548953336 0.30867682030896298 0.12337864570334095 0.075040041088347567 0.50995040268537339 0.074608431277036494 0.40276983805659511
 0.31399508654623653 0.17644533306519672 0.11786486162981286 0.44442838991582745 0.30674912238559543 0.15294784953127291 0.090864471398035968 0.44220462997883586 0.058856275422849991 0.28927883839865842
 0.30686611171399014 0.21051390955344756 0.16122640055173232 0.38776048059780438 0.29295448779629907 0.175919442784295 0.1028868832624124 0.38189643067202905 0.044306120417691754 0.18827347033029529
 0.29924487173294467 0.22883461345879239 0.18695005181223934 0.35468031461880178 0.27912631013629324 0.18644192700786369 0.10803333809177268 0.34437470322201091 0.035643193346358751 0.1305138430254093
 0.29228236757920906 0.23960277148676648 0.20301083388760205 0.33165264917752746 0.26623044323418738 0.19119218823289647 0.11004860586330241 0.3162720319435508 0.029551636472475835 0.092612200345611018
 0.28663558727875299 0.24495751214750069 0.2115978420288018 0.31633334277276537 0.25558328646189293 0.19233913456746943 0.1101512176809287 0.29611700571361821 0.025885380921215558 0.069413603947199518
 0.28195003190104001 0.24726363560602604 0.21586933087031826 0.3055527430120053 0.24673605637140331 0.19166614704363086 0.10931718580845219 0.28095641303784652 0.023742061864002781 0.054624608469750008
 0.27756556822795553 0.24782363240027058 0.2177398865229784 0.29685495703440379 0.2385723354355048 0.18987905110310949 0.10797520769698087 0.26801424781991906 0.022050091135070674 0.044060750870933474
 0.27297889032258987 0.24699282402514791 0.21782975449182318 0.28897297073287143 0.23026973892318409 0.18705507815412728 0.10613975833233749 0.25571903898850351 0.020481884085293525 0.035869820508116372
 0.26810933264137915 0.24485221353342559 0.2162918171857181 0.28168553352988951 0.22182376499358467 0.18329003386638154 0.10386506836529272 0.24396007635914671 0.018973483533122129 0.029697211910902035
 0.26334747244665546 0.2418377462871529 0.21361870169272673 0.27535587256820465 0.21399092042228457 0.17912369748270182 0.10145612517742678 0.23360781798724689 0.017585946972716308 0.025517514817616268
 0.25910192876562338 0.23861509673519876 0.21057132959162872 0.27018212795065338 0.20737282681624736 0.17520769574468806 0.099152854338501129 0.22520454150243985 0.016831989497108235 0.022820411579146792
 0.25531029761602331 0.23544436591997034 0.20749836302813343 0.2658232513006481 0.20174595011488153 0.17165005834678515 0.096999938410129577 0.21826516493775122 0.016607312122379564 0.020964772717554363
 0.25154550232355671 0.232107734380465 0.20423695698311409 0.26166644189476973 0.19641416135144019 0.16809334163373399 0.09489643084484968 0.2118293596725907 0.016289941876323308 0.01955509984737628
 0.24738557261955599 0.22827456113497502 0.20048332964675453 0.25721023159890788 0.1907983535573082 0.16417707088989711 0.092637000624359381 0.20517262164010192 0.015787734044432775 0.018368392649126996
 0.24276302897030932 0.22390201915545324 0.19621248484872691 0.25236922845751397 0.18486800427158637 0.15988038603211496 0.090211490500110847 0.19825541211817665 0.01508266902746069 0.01737184953230184
 0.23812212761174514 0.21944396950625555 0.19188313927911441 0.24758123137035598 0.17921017565824301 0.15564755995179702 0.087876323571345158 0.19174398747329657 0.014206629500674991 0.016614257765726319
 0.23396838764550668 0.21542609008150179 0.18800296365328972 0.24333174076292163 0.17436758367640021 0.15196262211058142 0.085773529488906874 0.18623326194290049 0.013788805383276176 0.01600488607063642
 0.23029001029155372 0.21186035125324437 0.18457721507419006 0.23958435620850715 0.17023526030270647 0.14879066943023891 0.083872106869709098 0.18157223473622883 0.013854762200569207 0.015467508678737075
 0.22665883191968456 0.20833981921856898 0.18121852358541929 0.23589215035846242 0.16629181039596713 0.14571494203366686 0.082068627001934999 0.17714947508699252 0.013754858830454715 0.015011289410795946
 0.22263378364718892 0.2044425951828325 0.17752821321050746 0.23180205591365541 0.16206500243740363 0.1423669580138692 0.080157162765341045 0.17243249110976056 0.013430779628757265 0.014581383983880706
 0.2181316973657387 0.20009503104707962 0.17344462155711773 0.22722548831158704 0.15750023127853599 0.13869819590419197 0.078111255896632106 0.16736302964070526 0.012873796278498596 0.014170601214495954
 0.21360961795640571 0.19574363052159363 0.16939181803108794 0.22262314114857484 0.15307227183077513 0.13508682363649938 0.076157379535799652 0.16246657231701042 0.012071884515070895 0.01382757982485075
 0.20960763607572069 0.19190821492600124 0.16584080194499148 0.21854400466414248 0.14926760040976936 0.13197501964690217 0.074401640291702667 0.15828058652159879 0.011710568211776561 0.0134893168654913
 0.20612504689628949 0.18858329559487838 0.16277496318067539 0.21498900143426145 0.14603396978972785 0.12933963230448056 0.072805538589500951 0.15474037374702693 0.011895754825887589 0.013128619581798567
 0.2027267997605654 0.18534889031370641 0.15981013842411007 0.21151482039545708 0.14294813750261298 0.12679880980987523 0.071309928266821837 0.15136913558319315 0.011887674190399078 0.012815527348884661
 0.19895945792618258 0.18177443128127974 0.15655312684034539 0.20765710095959133 0.13960174636603678 0.12401351563173901 0.069725587423232829 0.14772020581652645 0.011639474566935532 0.012515061643615185
 0.19471948862061178 0.1777653722640429 0.15292231569003265 0.20330772651953397 0.13592137371189347 0.12091926160994082 0.068014583253689295 0.14371576829468877 0.011152426698647107 0.012219237788476216
 0.19045058842998092 0.17374285711108309 0.149302434157874 0.19892064943058274 0.13230092163259805 0.11783950507622885 0.066380624810507674 0.13978381148857857 0.010367681646840349 0.011976579663450776
