# Created by Octave 7.1.0, Fri Oct 27 15:05:36 2023 CEST <heinz@heinz-OptiPlex-9020>
# name: t
# type: matrix
# rows: 24
# columns: 1
 0
 0.40960000000000013
 0.77579462091456286
 1.2322152251587366
 1.7955292494299493
 2.5034988077260509
 3.4108313978189502
 4.4108313978189502
 5.4108313978189502
 6.4108313978189502
 7.4108313978189502
 8.4108313978189511
 9.4108313978189511
 10.410831397818951
 11.410831397818951
 12.410831397818951
 13.410831397818951
 14.410831397818951
 15.410831397818951
 16.398867921396004
 17.354868608772296
 18.290844475843752
 19.238592404443672
 20


# name: phi
# type: matrix
# rows: 24
# columns: 3
 0 0 0
 0.28567100161177128 0.051171563304345191 0.0061273072177368123
 0.4207882928078589 0.12435422376358711 0.02678861527147389
 0.52020014293487227 0.20838529613247841 0.062773779460247703
 0.59379954978409111 0.28945983539935044 0.10763991430737804
 0.64977786816088789 0.3608052546229662 0.15319442553648194
 0.69178346711322602 0.41819682565470256 0.19240954771474317
 0.71769205026883753 0.45448948195397676 0.21780057090643395
 0.73201144447651745 0.47469906239162935 0.23203025472036753
 0.73996040853143852 0.48595677217463817 0.23996366897370586
 0.74437614494820203 0.49223271991031209 0.24437671009152834
 0.74682608210945267 0.49573734547787296 0.24682618006762924
 0.74818044713062726 0.49770158514906171 0.24818046411004449
 0.74892296597703389 0.49881119287601139 0.24892296892013285
 0.74932241921160603 0.49944853954072443 0.24932241972174324
 0.7495278859900707 0.49982724264166062 0.24952788607849452
 0.7496217023263464 0.50006714165960719 0.24962170234167314
 0.74964890968091868 0.50023607118231372 0.24964890968357531
 0.74963361664215566 0.50037315859660281 0.24963361664261619
 0.74961521763682071 0.50046288584616927 0.24961521763690075
 0.74965440236999514 0.50044232139947631 0.24965440237000935
 0.74972241425679975 0.50036573267286089 0.24972241425680236
 0.74975927806546616 0.50032503067048384 0.24975927806546674
 0.74993079930477835 0.50008800491217875 0.24993079930477849


