# Created by Octave 7.1.0, Tue Aug 15 14:30:59 2023 CEST <heinz@heinz-OptiPlex-9020>
# name: t
# type: matrix
# rows: 51
# columns: 1
 0
 0.10000000000000001
 0.20000000000000001
 0.30000000000000004
 0.40000000000000002
 0.5
 0.60000000000000009
 0.70000000000000007
 0.80000000000000004
 0.90000000000000002
 1
 1.1000000000000001
 1.2000000000000002
 1.3
 1.4000000000000001
 1.5
 1.6000000000000001
 1.7000000000000002
 1.8
 1.9000000000000001
 2
 2.1000000000000001
 2.2000000000000002
 2.3000000000000003
 2.4000000000000004
 2.5
 2.6000000000000001
 2.7000000000000002
 2.8000000000000003
 2.9000000000000004
 3
 3.1000000000000001
 3.2000000000000002
 3.3000000000000003
 3.4000000000000004
 3.5
 3.6000000000000001
 3.7000000000000002
 3.8000000000000003
 3.9000000000000004
 4
 4.1000000000000005
 4.2000000000000002
 4.2999999999999998
 4.4000000000000004
 4.5
 4.6000000000000005
 4.7000000000000002
 4.8000000000000007
 4.9000000000000004
 5


# name: phi
# type: matrix
# rows: 51
# columns: 1
 0
 0.20000000000000001
 0.40000000000000002
 0.60000000000000009
 0.80000000000000004
 1
 1.2
 1.3999999999999999
 1.5999999999999999
 1.7999999999999998
 1.9999999999999998
 2.1999999999999997
 2.3999999999999999
 2.6000000000000001
 2.8000000000000003
 3.0000000000000004
 3.2000000000000006
 3.4000000000000008
 3.600000000000001
 3.8000000000000012
 4.0000000000000009
 4.2000000000000011
 4.4000000000000012
 4.6000000000000014
 4.8000000000000016
 5.0000000000000018
 5.200000000000002
 5.4000000000000021
 5.6000000000000023
 5.8000000000000025
 6.0000000000000027
 6.2000000000000028
 6.400000000000003
 6.6000000000000032
 6.8000000000000034
 7.0000000000000036
 7.2000000000000037
 7.4000000000000039
 7.6000000000000041
 7.8000000000000043
 8.0000000000000036
 8.2000000000000028
 8.4000000000000021
 8.6000000000000014
 8.8000000000000007
 9
 9.1999999999999993
 9.3999999999999986
 9.5999999999999979
 9.7999999999999972
 9.9999999999999964


