# Created by Octave 7.1.0, Mon Oct 30 10:34:34 2023 CET <heinz@heinz-OptiPlex-9020>
# name: t
# type: matrix
# rows: 25
# columns: 1
 0
 0.33067106357849668
 0.65445190674334586
 1.0413478221223762
 1.5098323886116563
 2.0923874274028229
 2.8373576951554531
 3.8110979497896098
 4.8110979497896098
 5.8110979497896098
 6.8110979497896098
 7.8110979497896098
 8.8110979497896089
 9.8110979497896089
 10.811097949789609
 11.811097949789609
 12.811097949789609
 13.811097949789609
 14.811097949789609
 15.804645871836211
 16.766104276806576
 17.702098326665197
 18.64430958314059
 19.619471827482453
 20


# name: phi
# type: matrix
# rows: 25
# columns: 4
 0 0 0 1
 0.20926261108810409 0.03264164178384709 0.0036758274355143355 0.75441991969253452
 0.28391608353278464 0.08100964068611044 0.018779764257205116 0.6162945115238998
 0.309762975117019 0.12792045705518501 0.047145661653743856 0.51517090617405215
 0.30969887596563522 0.16586592634199759 0.085533504614040939 0.43890169307832622
 0.29788060644073244 0.19446905066157472 0.12846503416668956 0.37918530873100326
 0.28260987870099014 0.21562179556133121 0.16988597132849342 0.33188235440918523
 0.2687575117516165 0.23093362690734062 0.20435596305273809 0.29595289828830479
 0.26046829841908792 0.23947816561513127 0.22451788903777078 0.27553564692801003
 0.2557977628326536 0.24419295759994442 0.23578768770001785 0.26422159186738414
 0.25318059788161634 0.24681779366003398 0.24206628947831796 0.25793531898003175
 0.25171164418916259 0.24828807701139016 0.24555858358834842 0.25444169521109888
 0.25088081043427957 0.24911914124048296 0.24749762386992705 0.25250242445531051
 0.25040263715871075 0.24959735446491479 0.24857063073623828 0.25142937764013629
 0.25011743711045198 0.24988256143764315 0.24916009305162204 0.25083990840028292
 0.24993555179359742 0.25006444795473909 0.24947866260709692 0.25052133764456663
 0.24980617270691174 0.25019382724946665 0.24964435495743756 0.25035564508618413
 0.24969992960403503 0.25030007038840396 0.24972241886509197 0.25027758114246917
 0.24959915222773751 0.25040084777095195 0.24974863056520241 0.25025136943610826
 0.24951294609702948 0.25048705390274317 0.24975057245426685 0.25024942754596069
 0.24952740671412932 0.25047259328583082 0.24977709505782955 0.2502229049422105
 0.24961278699022993 0.25038721300976302 0.2498239196574118 0.25017608034259547
 0.2496703990827058 0.25032960091729306 0.24985443897211768 0.25014556102788371
 0.24965476984039575 0.25034523015960414 0.24985189717415621 0.25014810282584415
 0.24990595782075861 0.25009404217924142 0.24995696244355567 0.25004303755644458


