# Created by Octave 7.1.0, Wed Oct 25 11:11:22 2023 CEST <heinz@heinz-OptiPlex-9020>
# name: a
# type: matrix
# rows: 11
# columns: 4
 0 0 0 0
 1000 3.6148128000000024e-05 8.9688959999999887e-06 1.9713599999999984e-06
 2000 5.103786694526977e-05 1.8840722508564485e-05 1.0426896012533754e-05
 3000 5.8296020082155007e-05 2.5172453396931387e-05 2.3786357707994073e-05
 4000 6.2110805922081037e-05 2.8816200345012322e-05 4.0085597795964782e-05
 5000 6.4173327162163365e-05 3.0847143864923986e-05 5.8044128369329566e-05
 6000 6.5299549790408444e-05 3.1967536518474878e-05 7.6921792390880617e-05
 7000 6.5916592627194223e-05 3.2583503007609506e-05 9.6305467119195599e-05
 8000 6.6255048092693288e-05 3.2921759754533102e-05 0.00011596714413274684
 9000 6.6440766337273527e-05 3.3107441311085846e-05 0.0001357814503468516
 10000 6.6542687355861045e-05 3.3209355556218196e-05 0.00015567953384390087


