# Created by Octave 7.1.0, Wed Oct 25 11:43:03 2023 CEST <heinz@heinz-OptiPlex-9020>
# name: a
# type: matrix
# rows: 13
# columns: 5
 0 0 0 0 0
 6.4000000000000004 0.2732632817527475 0.046199427474433036 0.0052760435899760526 0.00062743313211457486
 12.467096642466389 0.41283503283725737 0.11876375815043784 0.024876299359885758 0.0057585878325482464
 19.967176411386099 0.51437368704875153 0.20263768763077677 0.059951918408962128 0.02463144178649361
 29.224254418784763 0.58945105336883064 0.28423406859393541 0.10449935085306168 0.07050950550279983
 39.224254418784767 0.64016736805753294 0.34800506571856171 0.14472159443907096 0.14577824557880412
 49.224254418784767 0.67365008157031803 0.39301883476062127 0.17502837555713158 0.24217059684103259
 59.224254418784767 0.69655618414434228 0.42471733248195254 0.19697331191861978 0.35413612006574469
 69.224254418784767 0.71247840050288214 0.44702629013982687 0.21260464031945123 0.47727759084654897
 79.224254418784767 0.72362326086679163 0.46272477349616908 0.22366146616567162 0.60834951469273513
 89.224254418784767 0.73144762611880243 0.47377117455679396 0.23145918859490688 0.74502193102749348
 99.224254418784767 0.73694790109016339 0.4815440220814613 0.2369514003653316 0.88564127969450102
 100 0.73729907109798065 0.48204043108500799 0.23730225932950727 0.89667832218587007


